 Vec    True    Pred  Class  SBP
----------------------------------------------------------------------
   0   PG-LF   SG-HF      3  [40, 27, 45, 39, 35, 34, 35, 31]
   1   PG-LF   SG-HF      3  [42, 27, 40, 40, 36, 33, 33, 35]
   2   PG-LF   SG-HF      3  [34, 24, 37, 34, 40, 33, 34, 37]
   3   PG-LF   PG-LF      0  [36, 26, 35, 37, 36, 33, 32, 34]
   4   PG-LF   SG-LF      2  [51, 30, 68, 54, 60, 45, 46, 45]
   5   PG-LF   SG-LF      2  [53, 33, 56, 48, 61, 46, 49, 35]
   6   PG-LF   SG-HF      3  [38, 25, 38, 37, 34, 32, 34, 31]
   7   PG-LF   PG-LF      0  [35, 24, 35, 39, 38, 33, 32, 33]
   8   PG-LF   SG-HF      3  [39, 27, 37, 37, 36, 32, 35, 34]
   9   PG-LF   PG-LF      0  [32, 25, 39, 36, 39, 31, 32, 41]
  10   PG-HF   PG-LF      0  [39, 33, 52, 41, 43, 40, 40, 38]
  11   PG-HF   PG-HF      1  [47, 38, 62, 51, 50, 44, 43, 46]
  12   PG-HF   PG-HF      1  [43, 37, 55, 48, 58, 42, 45, 48]
  13   PG-HF   SG-LF      2  [51, 40, 60, 49, 52, 41, 44, 42]
  14   PG-HF   SG-LF      2  [44, 35, 53, 45, 52, 41, 39, 40]
  15   PG-HF   PG-HF      1  [47, 38, 56, 54, 51, 44, 39, 41]
  16   PG-HF   SG-LF      2  [45, 36, 55, 47, 49, 43, 40, 39]
  17   PG-HF   SG-LF      2  [53, 34, 58, 48, 52, 41, 45, 41]
  18   PG-HF   PG-HF      1  [44, 32, 50, 41, 42, 37, 37, 40]
  19   PG-HF   SG-LF      2  [44, 33, 50, 44, 45, 39, 42, 38]
  20   SG-LF   SG-LF      2  [49, 34, 61, 50, 48, 43, 44, 40]
  21   SG-LF   SG-LF      2  [47, 36, 58, 51, 54, 49, 43, 41]
  22   SG-LF   SG-LF      2  [46, 39, 61, 53, 53, 42, 49, 45]
  23   SG-LF   SG-LF      2  [49, 34, 62, 50, 50, 40, 41, 39]
  24   SG-LF   PG-HF      1  [52, 42, 61, 57, 50, 49, 44, 44]
  25   SG-LF   SG-LF      2  [45, 34, 57, 48, 48, 39, 39, 36]
  26   SG-LF   SG-LF      2  [48, 33, 53, 45, 49, 39, 40, 40]
  27   SG-LF   SG-LF      2  [43, 36, 53, 50, 51, 44, 45, 38]
  28   SG-LF   SG-LF      2  [50, 31, 55, 42, 48, 44, 43, 39]
  29   SG-LF   PG-HF      1  [43, 36, 51, 45, 50, 38, 37, 41]
  30   SG-HF   SG-HF      3  [39, 25, 41, 36, 38, 34, 36, 35]
  31   SG-HF   SG-HF      3  [42, 27, 39, 37, 39, 33, 33, 32]
  32   SG-HF   PG-LF      0  [43, 26, 45, 43, 36, 42, 35, 35]
  33   SG-HF   SG-HF      3  [39, 26, 42, 39, 36, 30, 32, 33]
  34   SG-HF   PG-LF      0  [40, 25, 41, 42, 32, 38, 32, 34]
  35   SG-HF   SG-HF      3  [46, 27, 52, 47, 50, 35, 40, 33]
  36   SG-HF   SG-HF      3  [42, 24, 39, 38, 36, 34, 33, 34]
  37   SG-HF   SG-HF      3  [40, 28, 47, 42, 49, 35, 33, 32]
  38   SG-HF   SG-HF      3  [37, 25, 37, 36, 39, 35, 32, 32]
  39   SG-HF   PG-LF      0  [37, 26, 42, 39, 32, 32, 30, 33]
